(kicad_pcb (version 20171130) (host pcbnew "(5.1.9)-1")

  (general
    (thickness 1.6)
    (drawings 0)
    (tracks 0)
    (zones 0)
    (modules 55)
    (nets 75)
  )

  (page A4)
  (layers
    (0 F.Cu signal)
    (1 In1.Cu power)
    (2 In2.Cu power)
    (31 B.Cu signal)
    (32 B.Adhes user)
    (33 F.Adhes user)
    (34 B.Paste user)
    (35 F.Paste user)
    (36 B.SilkS user)
    (37 F.SilkS user)
    (38 B.Mask user)
    (39 F.Mask user)
    (40 Dwgs.User user)
    (41 Cmts.User user)
    (42 Eco1.User user)
    (43 Eco2.User user)
    (44 Edge.Cuts user)
    (45 Margin user)
    (46 B.CrtYd user)
    (47 F.CrtYd user)
    (48 B.Fab user)
    (49 F.Fab user hide)
  )

  (setup
    (last_trace_width 0.25)
    (trace_clearance 0.2)
    (zone_clearance 0.508)
    (zone_45_only no)
    (trace_min 0.2)
    (via_size 0.8)
    (via_drill 0.4)
    (via_min_size 0.4)
    (via_min_drill 0.3)
    (uvia_size 0.3)
    (uvia_drill 0.1)
    (uvias_allowed no)
    (uvia_min_size 0.2)
    (uvia_min_drill 0.1)
    (edge_width 0.05)
    (segment_width 0.2)
    (pcb_text_width 0.3)
    (pcb_text_size 1.5 1.5)
    (mod_edge_width 0.12)
    (mod_text_size 1 1)
    (mod_text_width 0.15)
    (pad_size 1.524 1.524)
    (pad_drill 0.762)
    (pad_to_mask_clearance 0)
    (aux_axis_origin 0 0)
    (visible_elements 7FFF77BF)
    (pcbplotparams
      (layerselection 0x010fc_ffffffff)
      (usegerberextensions false)
      (usegerberattributes true)
      (usegerberadvancedattributes true)
      (creategerberjobfile true)
      (excludeedgelayer true)
      (linewidth 0.100000)
      (plotframeref false)
      (viasonmask false)
      (mode 1)
      (useauxorigin false)
      (hpglpennumber 1)
      (hpglpenspeed 20)
      (hpglpendiameter 15.000000)
      (psnegative false)
      (psa4output false)
      (plotreference true)
      (plotvalue true)
      (plotinvisibletext false)
      (padsonsilk false)
      (subtractmaskfromsilk false)
      (outputformat 1)
      (mirror false)
      (drillshape 1)
      (scaleselection 1)
      (outputdirectory ""))
  )

  (net 0 "")
  (net 1 GND)
  (net 2 +3V3)
  (net 3 BUCK_IN)
  (net 4 HSE_IN)
  (net 5 +3.3VA)
  (net 6 "Net-(C9-Pad1)")
  (net 7 BUCK_SW)
  (net 8 BUCK_BST)
  (net 9 "Net-(C14-Pad1)")
  (net 10 "Net-(C16-Pad1)")
  (net 11 "Net-(C16-Pad2)")
  (net 12 "Net-(C17-Pad1)")
  (net 13 +48V)
  (net 14 "Net-(D1-Pad1)")
  (net 15 +5V)
  (net 16 "Net-(D2-Pad1)")
  (net 17 LED_STATUS)
  (net 18 "Net-(F1-Pad1)")
  (net 19 USB_CONN_D-)
  (net 20 USB_CONN_D+)
  (net 21 "Net-(J1-Pad4)")
  (net 22 "Net-(J1-Pad6)")
  (net 23 "Net-(J3-Pad2)")
  (net 24 SWCLK)
  (net 25 SWO)
  (net 26 "Net-(J3-Pad7)")
  (net 27 "Net-(J3-Pad8)")
  (net 28 NRST)
  (net 29 PH_A)
  (net 30 PH_B)
  (net 31 PH_C)
  (net 32 "Net-(R1-Pad2)")
  (net 33 BOOT0)
  (net 34 HSE_OUT)
  (net 35 SWDIO)
  (net 36 BUCK_EN)
  (net 37 BUCK_FB)
  (net 38 L6234_EN)
  (net 39 PH_B_CS)
  (net 40 "Net-(R9-Pad3)")
  (net 41 "Net-(R9-Pad2)")
  (net 42 "Net-(R10-Pad2)")
  (net 43 "Net-(R10-Pad3)")
  (net 44 PH_A_CS)
  (net 45 "Net-(U1-Pad2)")
  (net 46 "Net-(U1-Pad3)")
  (net 47 "Net-(U1-Pad4)")
  (net 48 C1_SENSE)
  (net 49 C2_SENSE)
  (net 50 "Net-(U1-Pad12)")
  (net 51 "Net-(U1-Pad13)")
  (net 52 "Net-(U1-Pad14)")
  (net 53 "Net-(U1-Pad15)")
  (net 54 "Net-(U1-Pad16)")
  (net 55 "Net-(U1-Pad17)")
  (net 56 "Net-(U1-Pad18)")
  (net 57 "Net-(U1-Pad19)")
  (net 58 "Net-(U1-Pad20)")
  (net 59 "Net-(U1-Pad21)")
  (net 60 "Net-(U1-Pad22)")
  (net 61 "Net-(U1-Pad25)")
  (net 62 "Net-(U1-Pad26)")
  (net 63 "Net-(U1-Pad27)")
  (net 64 "Net-(U1-Pad28)")
  (net 65 PH_A_PWM)
  (net 66 PH_B_PWM)
  (net 67 PH_C_PWM)
  (net 68 USB_D-)
  (net 69 USB_D+)
  (net 70 "Net-(U1-Pad38)")
  (net 71 "Net-(U1-Pad40)")
  (net 72 "Net-(U1-Pad41)")
  (net 73 "Net-(U1-Pad42)")
  (net 74 "Net-(U1-Pad45)")

  (net_class Default "This is the default net class."
    (clearance 0.2)
    (trace_width 0.25)
    (via_dia 0.8)
    (via_drill 0.4)
    (uvia_dia 0.3)
    (uvia_drill 0.1)
    (add_net +3.3VA)
    (add_net +3V3)
    (add_net +48V)
    (add_net +5V)
    (add_net BOOT0)
    (add_net BUCK_BST)
    (add_net BUCK_EN)
    (add_net BUCK_FB)
    (add_net BUCK_IN)
    (add_net BUCK_SW)
    (add_net C1_SENSE)
    (add_net C2_SENSE)
    (add_net GND)
    (add_net HSE_IN)
    (add_net HSE_OUT)
    (add_net L6234_EN)
    (add_net LED_STATUS)
    (add_net NRST)
    (add_net "Net-(C14-Pad1)")
    (add_net "Net-(C16-Pad1)")
    (add_net "Net-(C16-Pad2)")
    (add_net "Net-(C17-Pad1)")
    (add_net "Net-(C9-Pad1)")
    (add_net "Net-(D1-Pad1)")
    (add_net "Net-(D2-Pad1)")
    (add_net "Net-(F1-Pad1)")
    (add_net "Net-(J1-Pad4)")
    (add_net "Net-(J1-Pad6)")
    (add_net "Net-(J3-Pad2)")
    (add_net "Net-(J3-Pad7)")
    (add_net "Net-(J3-Pad8)")
    (add_net "Net-(R1-Pad2)")
    (add_net "Net-(R10-Pad2)")
    (add_net "Net-(R10-Pad3)")
    (add_net "Net-(R9-Pad2)")
    (add_net "Net-(R9-Pad3)")
    (add_net "Net-(U1-Pad12)")
    (add_net "Net-(U1-Pad13)")
    (add_net "Net-(U1-Pad14)")
    (add_net "Net-(U1-Pad15)")
    (add_net "Net-(U1-Pad16)")
    (add_net "Net-(U1-Pad17)")
    (add_net "Net-(U1-Pad18)")
    (add_net "Net-(U1-Pad19)")
    (add_net "Net-(U1-Pad2)")
    (add_net "Net-(U1-Pad20)")
    (add_net "Net-(U1-Pad21)")
    (add_net "Net-(U1-Pad22)")
    (add_net "Net-(U1-Pad25)")
    (add_net "Net-(U1-Pad26)")
    (add_net "Net-(U1-Pad27)")
    (add_net "Net-(U1-Pad28)")
    (add_net "Net-(U1-Pad3)")
    (add_net "Net-(U1-Pad38)")
    (add_net "Net-(U1-Pad4)")
    (add_net "Net-(U1-Pad40)")
    (add_net "Net-(U1-Pad41)")
    (add_net "Net-(U1-Pad42)")
    (add_net "Net-(U1-Pad45)")
    (add_net PH_A)
    (add_net PH_A_CS)
    (add_net PH_A_PWM)
    (add_net PH_B)
    (add_net PH_B_CS)
    (add_net PH_B_PWM)
    (add_net PH_C)
    (add_net PH_C_PWM)
    (add_net SWCLK)
    (add_net SWDIO)
    (add_net SWO)
    (add_net USB_CONN_D+)
    (add_net USB_CONN_D-)
    (add_net USB_D+)
    (add_net USB_D-)
  )

  (module Package_TO_SOT_SMD:L6234PD (layer B.Cu) (tedit 61C77961) (tstamp 61C26CFE)
    (at 139.5 85.5 270)
    (path /61B2ED5B)
    (fp_text reference U4 (at 0 -8.89 270) (layer B.SilkS)
      (effects (font (size 1 1) (thickness 0.15)) (justify mirror))
    )
    (fp_text value L6234PD (at 0 10.16 270) (layer B.SilkS)
      (effects (font (size 1 1) (thickness 0.15)) (justify mirror))
    )
    (fp_line (start -5.8039 -6.2607) (end -7.8557 -6.2607) (layer B.CrtYd) (width 0.05))
    (fp_line (start -5.8039 -8.255) (end -5.8039 -6.2607) (layer B.CrtYd) (width 0.05))
    (fp_line (start 5.8039 -8.255) (end -5.8039 -8.255) (layer B.CrtYd) (width 0.05))
    (fp_line (start 5.8039 -6.2607) (end 5.8039 -8.255) (layer B.CrtYd) (width 0.05))
    (fp_line (start 7.8557 -6.2607) (end 5.8039 -6.2607) (layer B.CrtYd) (width 0.05))
    (fp_line (start 7.8557 6.2607) (end 7.8557 -6.2607) (layer B.CrtYd) (width 0.05))
    (fp_line (start 5.8039 6.2607) (end 7.8557 6.2607) (layer B.CrtYd) (width 0.05))
    (fp_line (start 5.8039 8.255) (end 5.8039 6.2607) (layer B.CrtYd) (width 0.05))
    (fp_line (start -5.8039 8.255) (end 5.8039 8.255) (layer B.CrtYd) (width 0.05))
    (fp_line (start -5.8039 6.2607) (end -5.8039 8.255) (layer B.CrtYd) (width 0.05))
    (fp_line (start -7.8557 6.2607) (end -5.8039 6.2607) (layer B.CrtYd) (width 0.05))
    (fp_line (start -7.8557 -6.2607) (end -7.8557 6.2607) (layer B.CrtYd) (width 0.05))
    (fp_poly (pts (xy 8.109699 5.9055) (xy 8.109699 5.5245) (xy 7.855699 5.5245) (xy 7.855699 5.9055)) (layer B.SilkS) (width 0.1))
    (fp_poly (pts (xy -8.109699 -5.5245) (xy -8.109699 -5.9055) (xy -7.855699 -5.9055) (xy -7.855699 -5.5245)) (layer B.SilkS) (width 0.1))
    (fp_line (start -3.40635 8.128) (end -5.6769 8.128) (layer B.SilkS) (width 0.12))
    (fp_line (start 3.40635 -8.128) (end 5.6769 -8.128) (layer B.SilkS) (width 0.12))
    (fp_line (start 5.6769 6.311877) (end 5.6769 8.128) (layer B.SilkS) (width 0.12))
    (fp_line (start -5.6769 -6.311877) (end -5.6769 -8.128) (layer B.SilkS) (width 0.12))
    (fp_line (start -5.5499 8.001) (end -5.5499 -8.001) (layer B.Fab) (width 0.1))
    (fp_line (start 5.5499 8.001) (end -5.5499 8.001) (layer B.Fab) (width 0.1))
    (fp_line (start 5.5499 -8.001) (end 5.5499 8.001) (layer B.Fab) (width 0.1))
    (fp_line (start -5.5499 -8.001) (end 5.5499 -8.001) (layer B.Fab) (width 0.1))
    (fp_line (start -5.6769 8.128) (end -5.6769 6.311877) (layer B.SilkS) (width 0.12))
    (fp_line (start 5.6769 8.128) (end 3.40635 8.128) (layer B.SilkS) (width 0.12))
    (fp_line (start 5.6769 -8.128) (end 5.6769 -6.311877) (layer B.SilkS) (width 0.12))
    (fp_line (start -5.6769 -8.128) (end -3.40635 -8.128) (layer B.SilkS) (width 0.12))
    (fp_line (start 7.2517 5.9817) (end 5.5499 5.9817) (layer B.Fab) (width 0.1))
    (fp_line (start 7.2517 5.4483) (end 7.2517 5.9817) (layer B.Fab) (width 0.1))
    (fp_line (start 5.5499 5.4483) (end 7.2517 5.4483) (layer B.Fab) (width 0.1))
    (fp_line (start 5.5499 5.9817) (end 5.5499 5.4483) (layer B.Fab) (width 0.1))
    (fp_line (start 7.2517 4.7117) (end 5.5499 4.7117) (layer B.Fab) (width 0.1))
    (fp_line (start 7.2517 4.1783) (end 7.2517 4.7117) (layer B.Fab) (width 0.1))
    (fp_line (start 5.5499 4.1783) (end 7.2517 4.1783) (layer B.Fab) (width 0.1))
    (fp_line (start 5.5499 4.7117) (end 5.5499 4.1783) (layer B.Fab) (width 0.1))
    (fp_line (start 7.2517 3.4417) (end 5.5499 3.4417) (layer B.Fab) (width 0.1))
    (fp_line (start 7.2517 2.9083) (end 7.2517 3.4417) (layer B.Fab) (width 0.1))
    (fp_line (start 5.5499 2.9083) (end 7.2517 2.9083) (layer B.Fab) (width 0.1))
    (fp_line (start 5.5499 3.4417) (end 5.5499 2.9083) (layer B.Fab) (width 0.1))
    (fp_line (start 7.2517 2.1717) (end 5.5499 2.1717) (layer B.Fab) (width 0.1))
    (fp_line (start 7.2517 1.6383) (end 7.2517 2.1717) (layer B.Fab) (width 0.1))
    (fp_line (start 5.5499 1.6383) (end 7.2517 1.6383) (layer B.Fab) (width 0.1))
    (fp_line (start 5.5499 2.1717) (end 5.5499 1.6383) (layer B.Fab) (width 0.1))
    (fp_line (start 7.2517 0.9017) (end 5.5499 0.9017) (layer B.Fab) (width 0.1))
    (fp_line (start 7.2517 0.3683) (end 7.2517 0.9017) (layer B.Fab) (width 0.1))
    (fp_line (start 5.5499 0.3683) (end 7.2517 0.3683) (layer B.Fab) (width 0.1))
    (fp_line (start 5.5499 0.9017) (end 5.5499 0.3683) (layer B.Fab) (width 0.1))
    (fp_line (start 7.2517 -0.3683) (end 5.5499 -0.3683) (layer B.Fab) (width 0.1))
    (fp_line (start 7.2517 -0.9017) (end 7.2517 -0.3683) (layer B.Fab) (width 0.1))
    (fp_line (start 5.5499 -0.9017) (end 7.2517 -0.9017) (layer B.Fab) (width 0.1))
    (fp_line (start 5.5499 -0.3683) (end 5.5499 -0.9017) (layer B.Fab) (width 0.1))
    (fp_line (start 7.2517 -1.6383) (end 5.5499 -1.6383) (layer B.Fab) (width 0.1))
    (fp_line (start 7.2517 -2.1717) (end 7.2517 -1.6383) (layer B.Fab) (width 0.1))
    (fp_line (start 5.5499 -2.1717) (end 7.2517 -2.1717) (layer B.Fab) (width 0.1))
    (fp_line (start 5.5499 -1.6383) (end 5.5499 -2.1717) (layer B.Fab) (width 0.1))
    (fp_line (start 7.2517 -2.9083) (end 5.5499 -2.9083) (layer B.Fab) (width 0.1))
    (fp_line (start 7.2517 -3.4417) (end 7.2517 -2.9083) (layer B.Fab) (width 0.1))
    (fp_line (start 5.5499 -3.4417) (end 7.2517 -3.4417) (layer B.Fab) (width 0.1))
    (fp_line (start 5.5499 -2.9083) (end 5.5499 -3.4417) (layer B.Fab) (width 0.1))
    (fp_line (start 7.2517 -4.1783) (end 5.5499 -4.1783) (layer B.Fab) (width 0.1))
    (fp_line (start 7.2517 -4.7117) (end 7.2517 -4.1783) (layer B.Fab) (width 0.1))
    (fp_line (start 5.5499 -4.7117) (end 7.2517 -4.7117) (layer B.Fab) (width 0.1))
    (fp_line (start 5.5499 -4.1783) (end 5.5499 -4.7117) (layer B.Fab) (width 0.1))
    (fp_line (start 7.2517 -5.4483) (end 5.5499 -5.4483) (layer B.Fab) (width 0.1))
    (fp_line (start 7.2517 -5.9817) (end 7.2517 -5.4483) (layer B.Fab) (width 0.1))
    (fp_line (start 5.5499 -5.9817) (end 7.2517 -5.9817) (layer B.Fab) (width 0.1))
    (fp_line (start 5.5499 -5.4483) (end 5.5499 -5.9817) (layer B.Fab) (width 0.1))
    (fp_line (start -7.2517 -5.9817) (end -5.5499 -5.9817) (layer B.Fab) (width 0.1))
    (fp_line (start -7.2517 -5.4483) (end -7.2517 -5.9817) (layer B.Fab) (width 0.1))
    (fp_line (start -5.5499 -5.4483) (end -7.2517 -5.4483) (layer B.Fab) (width 0.1))
    (fp_line (start -5.5499 -5.9817) (end -5.5499 -5.4483) (layer B.Fab) (width 0.1))
    (fp_line (start -7.2517 -4.7117) (end -5.5499 -4.7117) (layer B.Fab) (width 0.1))
    (fp_line (start -7.2517 -4.1783) (end -7.2517 -4.7117) (layer B.Fab) (width 0.1))
    (fp_line (start -5.5499 -4.1783) (end -7.2517 -4.1783) (layer B.Fab) (width 0.1))
    (fp_line (start -5.5499 -4.7117) (end -5.5499 -4.1783) (layer B.Fab) (width 0.1))
    (fp_line (start -7.2517 -3.4417) (end -5.5499 -3.4417) (layer B.Fab) (width 0.1))
    (fp_line (start -7.2517 -2.9083) (end -7.2517 -3.4417) (layer B.Fab) (width 0.1))
    (fp_line (start -5.5499 -2.9083) (end -7.2517 -2.9083) (layer B.Fab) (width 0.1))
    (fp_line (start -5.5499 -3.4417) (end -5.5499 -2.9083) (layer B.Fab) (width 0.1))
    (fp_line (start -7.2517 -2.1717) (end -5.5499 -2.1717) (layer B.Fab) (width 0.1))
    (fp_line (start -7.2517 -1.6383) (end -7.2517 -2.1717) (layer B.Fab) (width 0.1))
    (fp_line (start -5.5499 -1.6383) (end -7.2517 -1.6383) (layer B.Fab) (width 0.1))
    (fp_line (start -5.5499 -2.1717) (end -5.5499 -1.6383) (layer B.Fab) (width 0.1))
    (fp_line (start -7.2517 -0.9017) (end -5.5499 -0.9017) (layer B.Fab) (width 0.1))
    (fp_line (start -7.2517 -0.3683) (end -7.2517 -0.9017) (layer B.Fab) (width 0.1))
    (fp_line (start -5.5499 -0.3683) (end -7.2517 -0.3683) (layer B.Fab) (width 0.1))
    (fp_line (start -5.5499 -0.9017) (end -5.5499 -0.3683) (layer B.Fab) (width 0.1))
    (fp_line (start -7.2517 0.3683) (end -5.5499 0.3683) (layer B.Fab) (width 0.1))
    (fp_line (start -7.2517 0.9017) (end -7.2517 0.3683) (layer B.Fab) (width 0.1))
    (fp_line (start -5.5499 0.9017) (end -7.2517 0.9017) (layer B.Fab) (width 0.1))
    (fp_line (start -5.5499 0.3683) (end -5.5499 0.9017) (layer B.Fab) (width 0.1))
    (fp_line (start -7.2517 1.6383) (end -5.5499 1.6383) (layer B.Fab) (width 0.1))
    (fp_line (start -7.2517 2.1717) (end -7.2517 1.6383) (layer B.Fab) (width 0.1))
    (fp_line (start -5.5499 2.1717) (end -7.2517 2.1717) (layer B.Fab) (width 0.1))
    (fp_line (start -5.5499 1.6383) (end -5.5499 2.1717) (layer B.Fab) (width 0.1))
    (fp_line (start -7.2517 2.9083) (end -5.5499 2.9083) (layer B.Fab) (width 0.1))
    (fp_line (start -7.2517 3.4417) (end -7.2517 2.9083) (layer B.Fab) (width 0.1))
    (fp_line (start -5.5499 3.4417) (end -7.2517 3.4417) (layer B.Fab) (width 0.1))
    (fp_line (start -5.5499 2.9083) (end -5.5499 3.4417) (layer B.Fab) (width 0.1))
    (fp_line (start -7.2517 4.1783) (end -5.5499 4.1783) (layer B.Fab) (width 0.1))
    (fp_line (start -7.2517 4.7117) (end -7.2517 4.1783) (layer B.Fab) (width 0.1))
    (fp_line (start -5.5499 4.7117) (end -7.2517 4.7117) (layer B.Fab) (width 0.1))
    (fp_line (start -5.5499 4.1783) (end -5.5499 4.7117) (layer B.Fab) (width 0.1))
    (fp_line (start -7.2517 5.4483) (end -5.5499 5.4483) (layer B.Fab) (width 0.1))
    (fp_line (start -7.2517 5.9817) (end -7.2517 5.4483) (layer B.Fab) (width 0.1))
    (fp_line (start -5.5499 5.9817) (end -7.2517 5.9817) (layer B.Fab) (width 0.1))
    (fp_line (start -5.5499 5.4483) (end -5.5499 5.9817) (layer B.Fab) (width 0.1))
    (fp_text user * (at -6.9596 7.4414 270) (layer B.SilkS)
      (effects (font (size 1 1) (thickness 0.15)) (justify mirror))
    )
    (fp_text user * (at -5.1689 7.9248 270) (layer B.Fab)
      (effects (font (size 1 1) (thickness 0.15)) (justify mirror))
    )
    (fp_text user * (at -6.9596 7.4414 270) (layer B.SilkS)
      (effects (font (size 1 1) (thickness 0.15)) (justify mirror))
    )
    (fp_text user * (at -5.1689 7.9248 270) (layer B.Fab)
      (effects (font (size 1 1) (thickness 0.15)) (justify mirror))
    )
    (pad 1 smd rect (at -6.7056 5.715 270) (size 1.792199 0.5834) (layers B.Cu B.Paste B.Mask)
      (net 1 GND))
    (pad 2 smd rect (at -6.7056 4.445 270) (size 1.792199 0.5834) (layers B.Cu B.Paste B.Mask)
      (net 1 GND))
    (pad 3 smd rect (at -6.7056 3.175 270) (size 1.792199 0.5834) (layers B.Cu B.Paste B.Mask)
      (net 38 L6234_EN))
    (pad 4 smd rect (at -6.7056 1.905 270) (size 1.792199 0.5834) (layers B.Cu B.Paste B.Mask)
      (net 66 PH_B_PWM))
    (pad 5 smd rect (at -6.7056 0.635 270) (size 1.792199 0.5834) (layers B.Cu B.Paste B.Mask)
      (net 39 PH_B_CS))
    (pad 6 smd rect (at -6.7056 -0.635 270) (size 1.792199 0.5834) (layers B.Cu B.Paste B.Mask)
      (net 44 PH_A_CS))
    (pad 7 smd rect (at -6.7056 -1.905 270) (size 1.792199 0.5834) (layers B.Cu B.Paste B.Mask)
      (net 65 PH_A_PWM))
    (pad 8 smd rect (at -6.7056 -3.175 270) (size 1.792199 0.5834) (layers B.Cu B.Paste B.Mask)
      (net 38 L6234_EN))
    (pad 9 smd rect (at -6.7056 -4.445 270) (size 1.792199 0.5834) (layers B.Cu B.Paste B.Mask)
      (net 13 +48V))
    (pad 10 smd rect (at -6.7056 -5.715 270) (size 1.792199 0.5834) (layers B.Cu B.Paste B.Mask)
      (net 1 GND))
    (pad 11 smd rect (at 6.7056 -5.715 270) (size 1.792199 0.5834) (layers B.Cu B.Paste B.Mask)
      (net 1 GND))
    (pad 12 smd rect (at 6.7056 -4.445 270) (size 1.792199 0.5834) (layers B.Cu B.Paste B.Mask)
      (net 13 +48V))
    (pad 13 smd rect (at 6.7056 -3.175 270) (size 1.792199 0.5834) (layers B.Cu B.Paste B.Mask)
      (net 38 L6234_EN))
    (pad 14 smd rect (at 6.7056 -1.905 270) (size 1.792199 0.5834) (layers B.Cu B.Paste B.Mask)
      (net 67 PH_C_PWM))
    (pad 15 smd rect (at 6.7056 -0.635 270) (size 1.792199 0.5834) (layers B.Cu B.Paste B.Mask)
      (net 31 PH_C))
    (pad 16 smd rect (at 6.7056 0.635 270) (size 1.792199 0.5834) (layers B.Cu B.Paste B.Mask)
      (net 12 "Net-(C17-Pad1)"))
    (pad 17 smd rect (at 6.7056 1.905 270) (size 1.792199 0.5834) (layers B.Cu B.Paste B.Mask)
      (net 11 "Net-(C16-Pad2)"))
    (pad 18 smd rect (at 6.7056 3.175 270) (size 1.792199 0.5834) (layers B.Cu B.Paste B.Mask)
      (net 9 "Net-(C14-Pad1)"))
    (pad 19 smd rect (at 6.7056 4.445 270) (size 1.792199 0.5834) (layers B.Cu B.Paste B.Mask)
      (net 1 GND))
    (pad 20 smd rect (at 6.7056 5.715 270) (size 1.792199 0.5834) (layers B.Cu B.Paste B.Mask)
      (net 1 GND))
  )

  (module Diode_SMD:D_SOD-323F (layer B.Cu) (tedit 590A48EB) (tstamp 61C50C35)
    (at 128.5 79.75 180)
    (descr "SOD-323F http://www.nxp.com/documents/outline_drawing/SOD323F.pdf")
    (tags SOD-323F)
    (path /61CC8071)
    (attr smd)
    (fp_text reference D5 (at 0 1.85) (layer B.SilkS)
      (effects (font (size 1 1) (thickness 0.15)) (justify mirror))
    )
    (fp_text value IN4148 (at 0.1 -1.9) (layer B.Fab)
      (effects (font (size 1 1) (thickness 0.15)) (justify mirror))
    )
    (fp_line (start -1.5 0.85) (end 1.05 0.85) (layer B.SilkS) (width 0.12))
    (fp_line (start -1.5 -0.85) (end 1.05 -0.85) (layer B.SilkS) (width 0.12))
    (fp_line (start -1.6 0.95) (end -1.6 -0.95) (layer B.CrtYd) (width 0.05))
    (fp_line (start -1.6 -0.95) (end 1.6 -0.95) (layer B.CrtYd) (width 0.05))
    (fp_line (start 1.6 0.95) (end 1.6 -0.95) (layer B.CrtYd) (width 0.05))
    (fp_line (start -1.6 0.95) (end 1.6 0.95) (layer B.CrtYd) (width 0.05))
    (fp_line (start -0.9 0.7) (end 0.9 0.7) (layer B.Fab) (width 0.1))
    (fp_line (start 0.9 0.7) (end 0.9 -0.7) (layer B.Fab) (width 0.1))
    (fp_line (start 0.9 -0.7) (end -0.9 -0.7) (layer B.Fab) (width 0.1))
    (fp_line (start -0.9 -0.7) (end -0.9 0.7) (layer B.Fab) (width 0.1))
    (fp_line (start -0.3 0.35) (end -0.3 -0.35) (layer B.Fab) (width 0.1))
    (fp_line (start -0.3 0) (end -0.5 0) (layer B.Fab) (width 0.1))
    (fp_line (start -0.3 0) (end 0.2 0.35) (layer B.Fab) (width 0.1))
    (fp_line (start 0.2 0.35) (end 0.2 -0.35) (layer B.Fab) (width 0.1))
    (fp_line (start 0.2 -0.35) (end -0.3 0) (layer B.Fab) (width 0.1))
    (fp_line (start 0.2 0) (end 0.45 0) (layer B.Fab) (width 0.1))
    (fp_line (start -1.5 0.85) (end -1.5 -0.85) (layer B.SilkS) (width 0.12))
    (fp_text user %R (at 0 1.85) (layer B.Fab)
      (effects (font (size 1 1) (thickness 0.15)) (justify mirror))
    )
    (pad 2 smd rect (at 1.1 0 180) (size 0.5 0.5) (layers B.Cu B.Paste B.Mask)
      (net 13 +48V))
    (pad 1 smd rect (at -1.1 0 180) (size 0.5 0.5) (layers B.Cu B.Paste B.Mask)
      (net 10 "Net-(C16-Pad1)"))
    (model ${KISYS3DMOD}/Diode_SMD.3dshapes/D_SOD-323F.wrl
      (at (xyz 0 0 0))
      (scale (xyz 1 1 1))
      (rotate (xyz 0 0 0))
    )
  )

  (module Diode_SMD:D_SOD-323F (layer B.Cu) (tedit 590A48EB) (tstamp 61C50C1D)
    (at 128.5 86.25 90)
    (descr "SOD-323F http://www.nxp.com/documents/outline_drawing/SOD323F.pdf")
    (tags SOD-323F)
    (path /61CBA2A3)
    (attr smd)
    (fp_text reference D4 (at 0 1.85 270) (layer B.SilkS)
      (effects (font (size 1 1) (thickness 0.15)) (justify mirror))
    )
    (fp_text value IN4148 (at 0.1 -1.9 270) (layer B.Fab)
      (effects (font (size 1 1) (thickness 0.15)) (justify mirror))
    )
    (fp_line (start -1.5 0.85) (end 1.05 0.85) (layer B.SilkS) (width 0.12))
    (fp_line (start -1.5 -0.85) (end 1.05 -0.85) (layer B.SilkS) (width 0.12))
    (fp_line (start -1.6 0.95) (end -1.6 -0.95) (layer B.CrtYd) (width 0.05))
    (fp_line (start -1.6 -0.95) (end 1.6 -0.95) (layer B.CrtYd) (width 0.05))
    (fp_line (start 1.6 0.95) (end 1.6 -0.95) (layer B.CrtYd) (width 0.05))
    (fp_line (start -1.6 0.95) (end 1.6 0.95) (layer B.CrtYd) (width 0.05))
    (fp_line (start -0.9 0.7) (end 0.9 0.7) (layer B.Fab) (width 0.1))
    (fp_line (start 0.9 0.7) (end 0.9 -0.7) (layer B.Fab) (width 0.1))
    (fp_line (start 0.9 -0.7) (end -0.9 -0.7) (layer B.Fab) (width 0.1))
    (fp_line (start -0.9 -0.7) (end -0.9 0.7) (layer B.Fab) (width 0.1))
    (fp_line (start -0.3 0.35) (end -0.3 -0.35) (layer B.Fab) (width 0.1))
    (fp_line (start -0.3 0) (end -0.5 0) (layer B.Fab) (width 0.1))
    (fp_line (start -0.3 0) (end 0.2 0.35) (layer B.Fab) (width 0.1))
    (fp_line (start 0.2 0.35) (end 0.2 -0.35) (layer B.Fab) (width 0.1))
    (fp_line (start 0.2 -0.35) (end -0.3 0) (layer B.Fab) (width 0.1))
    (fp_line (start 0.2 0) (end 0.45 0) (layer B.Fab) (width 0.1))
    (fp_line (start -1.5 0.85) (end -1.5 -0.85) (layer B.SilkS) (width 0.12))
    (fp_text user %R (at 0 1.85 270) (layer B.Fab)
      (effects (font (size 1 1) (thickness 0.15)) (justify mirror))
    )
    (pad 2 smd rect (at 1.1 0 90) (size 0.5 0.5) (layers B.Cu B.Paste B.Mask)
      (net 10 "Net-(C16-Pad1)"))
    (pad 1 smd rect (at -1.1 0 90) (size 0.5 0.5) (layers B.Cu B.Paste B.Mask)
      (net 9 "Net-(C14-Pad1)"))
    (model ${KISYS3DMOD}/Diode_SMD.3dshapes/D_SOD-323F.wrl
      (at (xyz 0 0 0))
      (scale (xyz 1 1 1))
      (rotate (xyz 0 0 0))
    )
  )

  (module Capacitor_SMD:C_0603_1608Metric (layer F.Cu) (tedit 5F68FEEE) (tstamp 61C2686A)
    (at 134.75 79.75 180)
    (descr "Capacitor SMD 0603 (1608 Metric), square (rectangular) end terminal, IPC_7351 nominal, (Body size source: IPC-SM-782 page 76, https://www.pcb-3d.com/wordpress/wp-content/uploads/ipc-sm-782a_amendment_1_and_2.pdf), generated with kicad-footprint-generator")
    (tags capacitor)
    (path /61C571F2)
    (attr smd)
    (fp_text reference C1 (at 0 -1.43) (layer F.SilkS)
      (effects (font (size 1 1) (thickness 0.15)))
    )
    (fp_text value 4u7 (at 0 1.43) (layer F.Fab)
      (effects (font (size 1 1) (thickness 0.15)))
    )
    (fp_line (start -0.8 0.4) (end -0.8 -0.4) (layer F.Fab) (width 0.1))
    (fp_line (start -0.8 -0.4) (end 0.8 -0.4) (layer F.Fab) (width 0.1))
    (fp_line (start 0.8 -0.4) (end 0.8 0.4) (layer F.Fab) (width 0.1))
    (fp_line (start 0.8 0.4) (end -0.8 0.4) (layer F.Fab) (width 0.1))
    (fp_line (start -0.14058 -0.51) (end 0.14058 -0.51) (layer F.SilkS) (width 0.12))
    (fp_line (start -0.14058 0.51) (end 0.14058 0.51) (layer F.SilkS) (width 0.12))
    (fp_line (start -1.48 0.73) (end -1.48 -0.73) (layer F.CrtYd) (width 0.05))
    (fp_line (start -1.48 -0.73) (end 1.48 -0.73) (layer F.CrtYd) (width 0.05))
    (fp_line (start 1.48 -0.73) (end 1.48 0.73) (layer F.CrtYd) (width 0.05))
    (fp_line (start 1.48 0.73) (end -1.48 0.73) (layer F.CrtYd) (width 0.05))
    (fp_text user %R (at 0 0) (layer F.Fab)
      (effects (font (size 0.4 0.4) (thickness 0.06)))
    )
    (pad 2 smd roundrect (at 0.775 0 180) (size 0.9 0.95) (layers F.Cu F.Paste F.Mask) (roundrect_rratio 0.25)
      (net 1 GND))
    (pad 1 smd roundrect (at -0.775 0 180) (size 0.9 0.95) (layers F.Cu F.Paste F.Mask) (roundrect_rratio 0.25)
      (net 2 +3V3))
    (model ${KISYS3DMOD}/Capacitor_SMD.3dshapes/C_0603_1608Metric.wrl
      (at (xyz 0 0 0))
      (scale (xyz 1 1 1))
      (rotate (xyz 0 0 0))
    )
  )

  (module Capacitor_SMD:C_0402_1005Metric (layer F.Cu) (tedit 5F68FEEE) (tstamp 61C2687B)
    (at 134.5 82.25 90)
    (descr "Capacitor SMD 0402 (1005 Metric), square (rectangular) end terminal, IPC_7351 nominal, (Body size source: IPC-SM-782 page 76, https://www.pcb-3d.com/wordpress/wp-content/uploads/ipc-sm-782a_amendment_1_and_2.pdf), generated with kicad-footprint-generator")
    (tags capacitor)
    (path /61C59556)
    (attr smd)
    (fp_text reference C2 (at 0 -1.16 90) (layer F.Fab)
      (effects (font (size 1 1) (thickness 0.15)))
    )
    (fp_text value 100n (at 0 1.16 90) (layer F.Fab)
      (effects (font (size 1 1) (thickness 0.15)))
    )
    (fp_line (start 0.91 0.46) (end -0.91 0.46) (layer F.CrtYd) (width 0.05))
    (fp_line (start 0.91 -0.46) (end 0.91 0.46) (layer F.CrtYd) (width 0.05))
    (fp_line (start -0.91 -0.46) (end 0.91 -0.46) (layer F.CrtYd) (width 0.05))
    (fp_line (start -0.91 0.46) (end -0.91 -0.46) (layer F.CrtYd) (width 0.05))
    (fp_line (start -0.107836 0.36) (end 0.107836 0.36) (layer F.SilkS) (width 0.12))
    (fp_line (start -0.107836 -0.36) (end 0.107836 -0.36) (layer F.SilkS) (width 0.12))
    (fp_line (start 0.5 0.25) (end -0.5 0.25) (layer F.Fab) (width 0.1))
    (fp_line (start 0.5 -0.25) (end 0.5 0.25) (layer F.Fab) (width 0.1))
    (fp_line (start -0.5 -0.25) (end 0.5 -0.25) (layer F.Fab) (width 0.1))
    (fp_line (start -0.5 0.25) (end -0.5 -0.25) (layer F.Fab) (width 0.1))
    (fp_text user %R (at 0 0 90) (layer F.Fab)
      (effects (font (size 0.25 0.25) (thickness 0.04)))
    )
    (pad 1 smd roundrect (at -0.48 0 90) (size 0.56 0.62) (layers F.Cu F.Paste F.Mask) (roundrect_rratio 0.25)
      (net 2 +3V3))
    (pad 2 smd roundrect (at 0.48 0 90) (size 0.56 0.62) (layers F.Cu F.Paste F.Mask) (roundrect_rratio 0.25)
      (net 1 GND))
    (model ${KISYS3DMOD}/Capacitor_SMD.3dshapes/C_0402_1005Metric.wrl
      (at (xyz 0 0 0))
      (scale (xyz 1 1 1))
      (rotate (xyz 0 0 0))
    )
  )

  (module Capacitor_SMD:C_0402_1005Metric (layer F.Cu) (tedit 5F68FEEE) (tstamp 61C2688C)
    (at 137.98 79.25)
    (descr "Capacitor SMD 0402 (1005 Metric), square (rectangular) end terminal, IPC_7351 nominal, (Body size source: IPC-SM-782 page 76, https://www.pcb-3d.com/wordpress/wp-content/uploads/ipc-sm-782a_amendment_1_and_2.pdf), generated with kicad-footprint-generator")
    (tags capacitor)
    (path /61C5BFE5)
    (attr smd)
    (fp_text reference C3 (at 0 -1.16) (layer F.Fab)
      (effects (font (size 1 1) (thickness 0.15)))
    )
    (fp_text value 100n (at 0 1.16) (layer F.Fab)
      (effects (font (size 1 1) (thickness 0.15)))
    )
    (fp_line (start -0.5 0.25) (end -0.5 -0.25) (layer F.Fab) (width 0.1))
    (fp_line (start -0.5 -0.25) (end 0.5 -0.25) (layer F.Fab) (width 0.1))
    (fp_line (start 0.5 -0.25) (end 0.5 0.25) (layer F.Fab) (width 0.1))
    (fp_line (start 0.5 0.25) (end -0.5 0.25) (layer F.Fab) (width 0.1))
    (fp_line (start -0.107836 -0.36) (end 0.107836 -0.36) (layer F.SilkS) (width 0.12))
    (fp_line (start -0.107836 0.36) (end 0.107836 0.36) (layer F.SilkS) (width 0.12))
    (fp_line (start -0.91 0.46) (end -0.91 -0.46) (layer F.CrtYd) (width 0.05))
    (fp_line (start -0.91 -0.46) (end 0.91 -0.46) (layer F.CrtYd) (width 0.05))
    (fp_line (start 0.91 -0.46) (end 0.91 0.46) (layer F.CrtYd) (width 0.05))
    (fp_line (start 0.91 0.46) (end -0.91 0.46) (layer F.CrtYd) (width 0.05))
    (fp_text user %R (at 0 0) (layer F.Fab)
      (effects (font (size 0.25 0.25) (thickness 0.04)))
    )
    (pad 2 smd roundrect (at 0.48 0) (size 0.56 0.62) (layers F.Cu F.Paste F.Mask) (roundrect_rratio 0.25)
      (net 1 GND))
    (pad 1 smd roundrect (at -0.48 0) (size 0.56 0.62) (layers F.Cu F.Paste F.Mask) (roundrect_rratio 0.25)
      (net 2 +3V3))
    (model ${KISYS3DMOD}/Capacitor_SMD.3dshapes/C_0402_1005Metric.wrl
      (at (xyz 0 0 0))
      (scale (xyz 1 1 1))
      (rotate (xyz 0 0 0))
    )
  )

  (module Capacitor_SMD:C_0402_1005Metric (layer F.Cu) (tedit 5F68FEEE) (tstamp 61C2689D)
    (at 143.25 91.75 180)
    (descr "Capacitor SMD 0402 (1005 Metric), square (rectangular) end terminal, IPC_7351 nominal, (Body size source: IPC-SM-782 page 76, https://www.pcb-3d.com/wordpress/wp-content/uploads/ipc-sm-782a_amendment_1_and_2.pdf), generated with kicad-footprint-generator")
    (tags capacitor)
    (path /61C5EA5C)
    (attr smd)
    (fp_text reference C4 (at 0 -1.16) (layer F.Fab)
      (effects (font (size 1 1) (thickness 0.15)))
    )
    (fp_text value 100n (at 0 1.16) (layer F.Fab)
      (effects (font (size 1 1) (thickness 0.15)))
    )
    (fp_line (start 0.91 0.46) (end -0.91 0.46) (layer F.CrtYd) (width 0.05))
    (fp_line (start 0.91 -0.46) (end 0.91 0.46) (layer F.CrtYd) (width 0.05))
    (fp_line (start -0.91 -0.46) (end 0.91 -0.46) (layer F.CrtYd) (width 0.05))
    (fp_line (start -0.91 0.46) (end -0.91 -0.46) (layer F.CrtYd) (width 0.05))
    (fp_line (start -0.107836 0.36) (end 0.107836 0.36) (layer F.SilkS) (width 0.12))
    (fp_line (start -0.107836 -0.36) (end 0.107836 -0.36) (layer F.SilkS) (width 0.12))
    (fp_line (start 0.5 0.25) (end -0.5 0.25) (layer F.Fab) (width 0.1))
    (fp_line (start 0.5 -0.25) (end 0.5 0.25) (layer F.Fab) (width 0.1))
    (fp_line (start -0.5 -0.25) (end 0.5 -0.25) (layer F.Fab) (width 0.1))
    (fp_line (start -0.5 0.25) (end -0.5 -0.25) (layer F.Fab) (width 0.1))
    (fp_text user %R (at 0 0) (layer F.Fab)
      (effects (font (size 0.25 0.25) (thickness 0.04)))
    )
    (pad 1 smd roundrect (at -0.48 0 180) (size 0.56 0.62) (layers F.Cu F.Paste F.Mask) (roundrect_rratio 0.25)
      (net 2 +3V3))
    (pad 2 smd roundrect (at 0.48 0 180) (size 0.56 0.62) (layers F.Cu F.Paste F.Mask) (roundrect_rratio 0.25)
      (net 1 GND))
    (model ${KISYS3DMOD}/Capacitor_SMD.3dshapes/C_0402_1005Metric.wrl
      (at (xyz 0 0 0))
      (scale (xyz 1 1 1))
      (rotate (xyz 0 0 0))
    )
  )

  (module Capacitor_SMD:C_0402_1005Metric (layer F.Cu) (tedit 5F68FEEE) (tstamp 61C268AE)
    (at 147 82.52 270)
    (descr "Capacitor SMD 0402 (1005 Metric), square (rectangular) end terminal, IPC_7351 nominal, (Body size source: IPC-SM-782 page 76, https://www.pcb-3d.com/wordpress/wp-content/uploads/ipc-sm-782a_amendment_1_and_2.pdf), generated with kicad-footprint-generator")
    (tags capacitor)
    (path /61C61299)
    (attr smd)
    (fp_text reference C5 (at 0 -1.16 90) (layer F.Fab)
      (effects (font (size 1 1) (thickness 0.15)))
    )
    (fp_text value 100n (at 0 1.16 90) (layer F.Fab)
      (effects (font (size 1 1) (thickness 0.15)))
    )
    (fp_line (start -0.5 0.25) (end -0.5 -0.25) (layer F.Fab) (width 0.1))
    (fp_line (start -0.5 -0.25) (end 0.5 -0.25) (layer F.Fab) (width 0.1))
    (fp_line (start 0.5 -0.25) (end 0.5 0.25) (layer F.Fab) (width 0.1))
    (fp_line (start 0.5 0.25) (end -0.5 0.25) (layer F.Fab) (width 0.1))
    (fp_line (start -0.107836 -0.36) (end 0.107836 -0.36) (layer F.SilkS) (width 0.12))
    (fp_line (start -0.107836 0.36) (end 0.107836 0.36) (layer F.SilkS) (width 0.12))
    (fp_line (start -0.91 0.46) (end -0.91 -0.46) (layer F.CrtYd) (width 0.05))
    (fp_line (start -0.91 -0.46) (end 0.91 -0.46) (layer F.CrtYd) (width 0.05))
    (fp_line (start 0.91 -0.46) (end 0.91 0.46) (layer F.CrtYd) (width 0.05))
    (fp_line (start 0.91 0.46) (end -0.91 0.46) (layer F.CrtYd) (width 0.05))
    (fp_text user %R (at 0 0 90) (layer F.Fab)
      (effects (font (size 0.25 0.25) (thickness 0.04)))
    )
    (pad 2 smd roundrect (at 0.48 0 270) (size 0.56 0.62) (layers F.Cu F.Paste F.Mask) (roundrect_rratio 0.25)
      (net 1 GND))
    (pad 1 smd roundrect (at -0.48 0 270) (size 0.56 0.62) (layers F.Cu F.Paste F.Mask) (roundrect_rratio 0.25)
      (net 2 +3V3))
    (model ${KISYS3DMOD}/Capacitor_SMD.3dshapes/C_0402_1005Metric.wrl
      (at (xyz 0 0 0))
      (scale (xyz 1 1 1))
      (rotate (xyz 0 0 0))
    )
  )

  (module Capacitor_SMD:C_1206_3216Metric (layer F.Cu) (tedit 5F68FEEE) (tstamp 61C268BF)
    (at 161.25 93 270)
    (descr "Capacitor SMD 1206 (3216 Metric), square (rectangular) end terminal, IPC_7351 nominal, (Body size source: IPC-SM-782 page 76, https://www.pcb-3d.com/wordpress/wp-content/uploads/ipc-sm-782a_amendment_1_and_2.pdf), generated with kicad-footprint-generator")
    (tags capacitor)
    (path /61D793F1)
    (attr smd)
    (fp_text reference C6 (at 0 -1.85 90) (layer F.Fab)
      (effects (font (size 1 1) (thickness 0.15)))
    )
    (fp_text value 10u (at 0 1.85 90) (layer F.Fab)
      (effects (font (size 1 1) (thickness 0.15)))
    )
    (fp_line (start 2.3 1.15) (end -2.3 1.15) (layer F.CrtYd) (width 0.05))
    (fp_line (start 2.3 -1.15) (end 2.3 1.15) (layer F.CrtYd) (width 0.05))
    (fp_line (start -2.3 -1.15) (end 2.3 -1.15) (layer F.CrtYd) (width 0.05))
    (fp_line (start -2.3 1.15) (end -2.3 -1.15) (layer F.CrtYd) (width 0.05))
    (fp_line (start -0.711252 0.91) (end 0.711252 0.91) (layer F.SilkS) (width 0.12))
    (fp_line (start -0.711252 -0.91) (end 0.711252 -0.91) (layer F.SilkS) (width 0.12))
    (fp_line (start 1.6 0.8) (end -1.6 0.8) (layer F.Fab) (width 0.1))
    (fp_line (start 1.6 -0.8) (end 1.6 0.8) (layer F.Fab) (width 0.1))
    (fp_line (start -1.6 -0.8) (end 1.6 -0.8) (layer F.Fab) (width 0.1))
    (fp_line (start -1.6 0.8) (end -1.6 -0.8) (layer F.Fab) (width 0.1))
    (fp_text user %R (at 0 0 90) (layer F.Fab)
      (effects (font (size 0.8 0.8) (thickness 0.12)))
    )
    (pad 1 smd roundrect (at -1.475 0 270) (size 1.15 1.8) (layers F.Cu F.Paste F.Mask) (roundrect_rratio 0.217391)
      (net 3 BUCK_IN))
    (pad 2 smd roundrect (at 1.475 0 270) (size 1.15 1.8) (layers F.Cu F.Paste F.Mask) (roundrect_rratio 0.217391)
      (net 1 GND))
    (model ${KISYS3DMOD}/Capacitor_SMD.3dshapes/C_1206_3216Metric.wrl
      (at (xyz 0 0 0))
      (scale (xyz 1 1 1))
      (rotate (xyz 0 0 0))
    )
  )

  (module Capacitor_SMD:C_0402_1005Metric (layer F.Cu) (tedit 5F68FEEE) (tstamp 61C268D0)
    (at 130.75 81)
    (descr "Capacitor SMD 0402 (1005 Metric), square (rectangular) end terminal, IPC_7351 nominal, (Body size source: IPC-SM-782 page 76, https://www.pcb-3d.com/wordpress/wp-content/uploads/ipc-sm-782a_amendment_1_and_2.pdf), generated with kicad-footprint-generator")
    (tags capacitor)
    (path /61CB3F6F)
    (attr smd)
    (fp_text reference C7 (at 0 -1.16) (layer F.Fab)
      (effects (font (size 1 1) (thickness 0.15)))
    )
    (fp_text value 12p (at 0 1.16) (layer F.Fab)
      (effects (font (size 1 1) (thickness 0.15)))
    )
    (fp_line (start 0.91 0.46) (end -0.91 0.46) (layer F.CrtYd) (width 0.05))
    (fp_line (start 0.91 -0.46) (end 0.91 0.46) (layer F.CrtYd) (width 0.05))
    (fp_line (start -0.91 -0.46) (end 0.91 -0.46) (layer F.CrtYd) (width 0.05))
    (fp_line (start -0.91 0.46) (end -0.91 -0.46) (layer F.CrtYd) (width 0.05))
    (fp_line (start -0.107836 0.36) (end 0.107836 0.36) (layer F.SilkS) (width 0.12))
    (fp_line (start -0.107836 -0.36) (end 0.107836 -0.36) (layer F.SilkS) (width 0.12))
    (fp_line (start 0.5 0.25) (end -0.5 0.25) (layer F.Fab) (width 0.1))
    (fp_line (start 0.5 -0.25) (end 0.5 0.25) (layer F.Fab) (width 0.1))
    (fp_line (start -0.5 -0.25) (end 0.5 -0.25) (layer F.Fab) (width 0.1))
    (fp_line (start -0.5 0.25) (end -0.5 -0.25) (layer F.Fab) (width 0.1))
    (fp_text user %R (at 0 0) (layer F.Fab)
      (effects (font (size 0.25 0.25) (thickness 0.04)))
    )
    (pad 1 smd roundrect (at -0.48 0) (size 0.56 0.62) (layers F.Cu F.Paste F.Mask) (roundrect_rratio 0.25)
      (net 4 HSE_IN))
    (pad 2 smd roundrect (at 0.48 0) (size 0.56 0.62) (layers F.Cu F.Paste F.Mask) (roundrect_rratio 0.25)
      (net 1 GND))
    (model ${KISYS3DMOD}/Capacitor_SMD.3dshapes/C_0402_1005Metric.wrl
      (at (xyz 0 0 0))
      (scale (xyz 1 1 1))
      (rotate (xyz 0 0 0))
    )
  )

  (module Capacitor_SMD:C_0402_1005Metric (layer F.Cu) (tedit 5F68FEEE) (tstamp 61C268E1)
    (at 133.25 87 90)
    (descr "Capacitor SMD 0402 (1005 Metric), square (rectangular) end terminal, IPC_7351 nominal, (Body size source: IPC-SM-782 page 76, https://www.pcb-3d.com/wordpress/wp-content/uploads/ipc-sm-782a_amendment_1_and_2.pdf), generated with kicad-footprint-generator")
    (tags capacitor)
    (path /61C93CD3)
    (attr smd)
    (fp_text reference C8 (at 0 -1.16 90) (layer F.SilkS)
      (effects (font (size 1 1) (thickness 0.15)))
    )
    (fp_text value 1u (at 0 1.16 90) (layer F.Fab)
      (effects (font (size 1 1) (thickness 0.15)))
    )
    (fp_line (start 0.91 0.46) (end -0.91 0.46) (layer F.CrtYd) (width 0.05))
    (fp_line (start 0.91 -0.46) (end 0.91 0.46) (layer F.CrtYd) (width 0.05))
    (fp_line (start -0.91 -0.46) (end 0.91 -0.46) (layer F.CrtYd) (width 0.05))
    (fp_line (start -0.91 0.46) (end -0.91 -0.46) (layer F.CrtYd) (width 0.05))
    (fp_line (start -0.107836 0.36) (end 0.107836 0.36) (layer F.SilkS) (width 0.12))
    (fp_line (start -0.107836 -0.36) (end 0.107836 -0.36) (layer F.SilkS) (width 0.12))
    (fp_line (start 0.5 0.25) (end -0.5 0.25) (layer F.Fab) (width 0.1))
    (fp_line (start 0.5 -0.25) (end 0.5 0.25) (layer F.Fab) (width 0.1))
    (fp_line (start -0.5 -0.25) (end 0.5 -0.25) (layer F.Fab) (width 0.1))
    (fp_line (start -0.5 0.25) (end -0.5 -0.25) (layer F.Fab) (width 0.1))
    (fp_text user %R (at 0 0 90) (layer F.Fab)
      (effects (font (size 0.25 0.25) (thickness 0.04)))
    )
    (pad 1 smd roundrect (at -0.48 0 90) (size 0.56 0.62) (layers F.Cu F.Paste F.Mask) (roundrect_rratio 0.25)
      (net 5 +3.3VA))
    (pad 2 smd roundrect (at 0.48 0 90) (size 0.56 0.62) (layers F.Cu F.Paste F.Mask) (roundrect_rratio 0.25)
      (net 1 GND))
    (model ${KISYS3DMOD}/Capacitor_SMD.3dshapes/C_0402_1005Metric.wrl
      (at (xyz 0 0 0))
      (scale (xyz 1 1 1))
      (rotate (xyz 0 0 0))
    )
  )

  (module Capacitor_SMD:C_0402_1005Metric (layer F.Cu) (tedit 5F68FEEE) (tstamp 61C268F2)
    (at 130.73 86.5 180)
    (descr "Capacitor SMD 0402 (1005 Metric), square (rectangular) end terminal, IPC_7351 nominal, (Body size source: IPC-SM-782 page 76, https://www.pcb-3d.com/wordpress/wp-content/uploads/ipc-sm-782a_amendment_1_and_2.pdf), generated with kicad-footprint-generator")
    (tags capacitor)
    (path /61CB5691)
    (attr smd)
    (fp_text reference C9 (at 0 -1.16) (layer F.Fab)
      (effects (font (size 1 1) (thickness 0.15)))
    )
    (fp_text value 12p (at 0 1.16) (layer F.Fab)
      (effects (font (size 1 1) (thickness 0.15)))
    )
    (fp_line (start -0.5 0.25) (end -0.5 -0.25) (layer F.Fab) (width 0.1))
    (fp_line (start -0.5 -0.25) (end 0.5 -0.25) (layer F.Fab) (width 0.1))
    (fp_line (start 0.5 -0.25) (end 0.5 0.25) (layer F.Fab) (width 0.1))
    (fp_line (start 0.5 0.25) (end -0.5 0.25) (layer F.Fab) (width 0.1))
    (fp_line (start -0.107836 -0.36) (end 0.107836 -0.36) (layer F.SilkS) (width 0.12))
    (fp_line (start -0.107836 0.36) (end 0.107836 0.36) (layer F.SilkS) (width 0.12))
    (fp_line (start -0.91 0.46) (end -0.91 -0.46) (layer F.CrtYd) (width 0.05))
    (fp_line (start -0.91 -0.46) (end 0.91 -0.46) (layer F.CrtYd) (width 0.05))
    (fp_line (start 0.91 -0.46) (end 0.91 0.46) (layer F.CrtYd) (width 0.05))
    (fp_line (start 0.91 0.46) (end -0.91 0.46) (layer F.CrtYd) (width 0.05))
